{
 "cells": [
  {
   "cell_type": "code",
   "execution_count": 1,
   "metadata": {},
   "outputs": [],
   "source": [
    "import numpy as np # linear algebra\n",
    "import pandas as pd # data processing, CSV file I/O (e.g. pd.read_csv)\n",
    "import matplotlib.pyplot as plt # is mainly deployed for basic plotting. Visualization using Matplotlib generally consists of bars, pies, lines, scatter plots and so on.\n",
    "import seaborn as sns  # visualization tool on the other hand, provides a variety of visualization patterns. It uses fewer syntax and has easily interesting default themes\n",
    "\n",
    "# Input data files are available in the \"../input/\" directory.\n",
    "# For example, running this (by clicking run or pressing Shift+Enter) will list the files in the input directory\n",
    "import os"
   ]
  },
  {
   "cell_type": "code",
   "execution_count": 6,
   "metadata": {},
   "outputs": [
    {
     "name": "stdout",
     "output_type": "stream",
     "text": [
      "ap-rainfall-in-india-1901-2015.csv\n",
      "combats.csv\n",
      "pokemon.csv\n",
      "tests.csv\n",
      "input\\ap-rainfall-in-india-1901-2015.csv\n",
      "input\\combats.csv\n",
      "input\\pokemon.csv\n",
      "input\\tests.csv\n"
     ]
    }
   ],
   "source": [
    "print('\\n'.join(os.listdir('input')))\n",
    "\n",
    "for dirname, _, filenames in os.walk(\"input\"):\n",
    "    for filename in filenames:\n",
    "        print(os.path.join(dirname, filename))\n",
    "# Any results you write to the current directory are saved as output."
   ]
  },
  {
   "cell_type": "code",
   "execution_count": 18,
   "metadata": {},
   "outputs": [
    {
     "data": {
      "text/html": [
       "<div>\n",
       "<style scoped>\n",
       "    .dataframe tbody tr th:only-of-type {\n",
       "        vertical-align: middle;\n",
       "    }\n",
       "\n",
       "    .dataframe tbody tr th {\n",
       "        vertical-align: top;\n",
       "    }\n",
       "\n",
       "    .dataframe thead th {\n",
       "        text-align: right;\n",
       "    }\n",
       "</style>\n",
       "<table border=\"1\" class=\"dataframe\">\n",
       "  <thead>\n",
       "    <tr style=\"text-align: right;\">\n",
       "      <th></th>\n",
       "      <th>SUBDIVISION</th>\n",
       "      <th>YEAR</th>\n",
       "      <th>JAN</th>\n",
       "      <th>FEB</th>\n",
       "      <th>MAR</th>\n",
       "      <th>APR</th>\n",
       "      <th>MAY</th>\n",
       "      <th>JUN</th>\n",
       "      <th>JUL</th>\n",
       "      <th>AUG</th>\n",
       "      <th>SEP</th>\n",
       "      <th>OCT</th>\n",
       "      <th>NOV</th>\n",
       "      <th>DEC</th>\n",
       "      <th>ANNUAL</th>\n",
       "      <th>Jan-Feb</th>\n",
       "      <th>Mar-May</th>\n",
       "      <th>Jun-Sep</th>\n",
       "      <th>Oct-Dec</th>\n",
       "    </tr>\n",
       "  </thead>\n",
       "  <tbody>\n",
       "    <tr>\n",
       "      <th>0</th>\n",
       "      <td>ANDHRA PRADESH</td>\n",
       "      <td>1901</td>\n",
       "      <td>18.8</td>\n",
       "      <td>80.9</td>\n",
       "      <td>7.2</td>\n",
       "      <td>28.7</td>\n",
       "      <td>68.7</td>\n",
       "      <td>77.7</td>\n",
       "      <td>113.0</td>\n",
       "      <td>133.7</td>\n",
       "      <td>125.3</td>\n",
       "      <td>173.4</td>\n",
       "      <td>164.8</td>\n",
       "      <td>1.5</td>\n",
       "      <td>993.8</td>\n",
       "      <td>99.7</td>\n",
       "      <td>104.6</td>\n",
       "      <td>449.7</td>\n",
       "      <td>339.8</td>\n",
       "    </tr>\n",
       "    <tr>\n",
       "      <th>1</th>\n",
       "      <td>ANDHRA PRADESH</td>\n",
       "      <td>1902</td>\n",
       "      <td>2.0</td>\n",
       "      <td>0.0</td>\n",
       "      <td>2.8</td>\n",
       "      <td>23.9</td>\n",
       "      <td>37.6</td>\n",
       "      <td>72.6</td>\n",
       "      <td>144.5</td>\n",
       "      <td>236.1</td>\n",
       "      <td>204.5</td>\n",
       "      <td>262.0</td>\n",
       "      <td>50.4</td>\n",
       "      <td>27.1</td>\n",
       "      <td>1063.6</td>\n",
       "      <td>2.0</td>\n",
       "      <td>64.4</td>\n",
       "      <td>657.7</td>\n",
       "      <td>339.5</td>\n",
       "    </tr>\n",
       "    <tr>\n",
       "      <th>2</th>\n",
       "      <td>ANDHRA PRADESH</td>\n",
       "      <td>1903</td>\n",
       "      <td>0.8</td>\n",
       "      <td>13.3</td>\n",
       "      <td>0.2</td>\n",
       "      <td>6.2</td>\n",
       "      <td>73.4</td>\n",
       "      <td>154.0</td>\n",
       "      <td>248.6</td>\n",
       "      <td>258.0</td>\n",
       "      <td>216.5</td>\n",
       "      <td>159.1</td>\n",
       "      <td>173.9</td>\n",
       "      <td>12.1</td>\n",
       "      <td>1316.2</td>\n",
       "      <td>14.2</td>\n",
       "      <td>79.8</td>\n",
       "      <td>877.1</td>\n",
       "      <td>345.1</td>\n",
       "    </tr>\n",
       "    <tr>\n",
       "      <th>3</th>\n",
       "      <td>ANDHRA PRADESH</td>\n",
       "      <td>1904</td>\n",
       "      <td>1.3</td>\n",
       "      <td>0.0</td>\n",
       "      <td>5.4</td>\n",
       "      <td>3.0</td>\n",
       "      <td>136.3</td>\n",
       "      <td>107.8</td>\n",
       "      <td>120.2</td>\n",
       "      <td>117.7</td>\n",
       "      <td>116.8</td>\n",
       "      <td>240.9</td>\n",
       "      <td>0.0</td>\n",
       "      <td>10.7</td>\n",
       "      <td>860.2</td>\n",
       "      <td>1.3</td>\n",
       "      <td>144.7</td>\n",
       "      <td>462.6</td>\n",
       "      <td>251.6</td>\n",
       "    </tr>\n",
       "    <tr>\n",
       "      <th>4</th>\n",
       "      <td>ANDHRA PRADESH</td>\n",
       "      <td>1905</td>\n",
       "      <td>1.1</td>\n",
       "      <td>16.7</td>\n",
       "      <td>68.0</td>\n",
       "      <td>37.0</td>\n",
       "      <td>68.8</td>\n",
       "      <td>84.4</td>\n",
       "      <td>64.6</td>\n",
       "      <td>210.8</td>\n",
       "      <td>170.2</td>\n",
       "      <td>66.0</td>\n",
       "      <td>7.4</td>\n",
       "      <td>0.0</td>\n",
       "      <td>795.2</td>\n",
       "      <td>17.8</td>\n",
       "      <td>173.8</td>\n",
       "      <td>530.1</td>\n",
       "      <td>73.4</td>\n",
       "    </tr>\n",
       "  </tbody>\n",
       "</table>\n",
       "</div>"
      ],
      "text/plain": [
       "      SUBDIVISION  YEAR   JAN   FEB   MAR   APR    MAY    JUN    JUL    AUG  \\\n",
       "0  ANDHRA PRADESH  1901  18.8  80.9   7.2  28.7   68.7   77.7  113.0  133.7   \n",
       "1  ANDHRA PRADESH  1902   2.0   0.0   2.8  23.9   37.6   72.6  144.5  236.1   \n",
       "2  ANDHRA PRADESH  1903   0.8  13.3   0.2   6.2   73.4  154.0  248.6  258.0   \n",
       "3  ANDHRA PRADESH  1904   1.3   0.0   5.4   3.0  136.3  107.8  120.2  117.7   \n",
       "4  ANDHRA PRADESH  1905   1.1  16.7  68.0  37.0   68.8   84.4   64.6  210.8   \n",
       "\n",
       "     SEP    OCT    NOV   DEC  ANNUAL  Jan-Feb  Mar-May  Jun-Sep  Oct-Dec  \n",
       "0  125.3  173.4  164.8   1.5   993.8     99.7    104.6    449.7    339.8  \n",
       "1  204.5  262.0   50.4  27.1  1063.6      2.0     64.4    657.7    339.5  \n",
       "2  216.5  159.1  173.9  12.1  1316.2     14.2     79.8    877.1    345.1  \n",
       "3  116.8  240.9    0.0  10.7   860.2      1.3    144.7    462.6    251.6  \n",
       "4  170.2   66.0    7.4   0.0   795.2     17.8    173.8    530.1     73.4  "
      ]
     },
     "execution_count": 18,
     "metadata": {},
     "output_type": "execute_result"
    }
   ],
   "source": [
    "data = pd.read_csv('input/ap-rainfall-in-india-1901-2015.csv')\n",
    "data.head()"
   ]
  },
  {
   "cell_type": "code",
   "execution_count": 19,
   "metadata": {},
   "outputs": [
    {
     "name": "stdout",
     "output_type": "stream",
     "text": [
      "<class 'pandas.core.frame.DataFrame'>\n",
      "RangeIndex: 115 entries, 0 to 114\n",
      "Data columns (total 19 columns):\n",
      " #   Column       Non-Null Count  Dtype  \n",
      "---  ------       --------------  -----  \n",
      " 0   SUBDIVISION  115 non-null    object \n",
      " 1   YEAR         115 non-null    int64  \n",
      " 2   JAN          115 non-null    float64\n",
      " 3   FEB          115 non-null    float64\n",
      " 4   MAR          115 non-null    float64\n",
      " 5   APR          115 non-null    float64\n",
      " 6   MAY          115 non-null    float64\n",
      " 7   JUN          115 non-null    float64\n",
      " 8   JUL          115 non-null    float64\n",
      " 9   AUG          115 non-null    float64\n",
      " 10  SEP          115 non-null    float64\n",
      " 11  OCT          115 non-null    float64\n",
      " 12  NOV          115 non-null    float64\n",
      " 13  DEC          115 non-null    float64\n",
      " 14  ANNUAL       115 non-null    float64\n",
      " 15  Jan-Feb      115 non-null    float64\n",
      " 16  Mar-May      115 non-null    float64\n",
      " 17  Jun-Sep      115 non-null    float64\n",
      " 18  Oct-Dec      115 non-null    float64\n",
      "dtypes: float64(17), int64(1), object(1)\n",
      "memory usage: 16.7+ KB\n"
     ]
    }
   ],
   "source": [
    "data.info()"
   ]
  },
  {
   "cell_type": "code",
   "execution_count": 20,
   "metadata": {},
   "outputs": [
    {
     "data": {
      "text/html": [
       "<div>\n",
       "<style scoped>\n",
       "    .dataframe tbody tr th:only-of-type {\n",
       "        vertical-align: middle;\n",
       "    }\n",
       "\n",
       "    .dataframe tbody tr th {\n",
       "        vertical-align: top;\n",
       "    }\n",
       "\n",
       "    .dataframe thead th {\n",
       "        text-align: right;\n",
       "    }\n",
       "</style>\n",
       "<table border=\"1\" class=\"dataframe\">\n",
       "  <thead>\n",
       "    <tr style=\"text-align: right;\">\n",
       "      <th></th>\n",
       "      <th>YEAR</th>\n",
       "      <th>JAN</th>\n",
       "      <th>FEB</th>\n",
       "      <th>MAR</th>\n",
       "      <th>APR</th>\n",
       "      <th>MAY</th>\n",
       "      <th>JUN</th>\n",
       "      <th>JUL</th>\n",
       "      <th>AUG</th>\n",
       "      <th>SEP</th>\n",
       "      <th>OCT</th>\n",
       "      <th>NOV</th>\n",
       "      <th>DEC</th>\n",
       "      <th>ANNUAL</th>\n",
       "      <th>Jan-Feb</th>\n",
       "      <th>Mar-May</th>\n",
       "      <th>Jun-Sep</th>\n",
       "      <th>Oct-Dec</th>\n",
       "    </tr>\n",
       "  </thead>\n",
       "  <tbody>\n",
       "    <tr>\n",
       "      <th>YEAR</th>\n",
       "      <td>1.000000</td>\n",
       "      <td>0.048132</td>\n",
       "      <td>-0.073781</td>\n",
       "      <td>0.031480</td>\n",
       "      <td>-0.020721</td>\n",
       "      <td>0.049330</td>\n",
       "      <td>0.009624</td>\n",
       "      <td>0.139075</td>\n",
       "      <td>0.168372</td>\n",
       "      <td>0.019305</td>\n",
       "      <td>0.004070</td>\n",
       "      <td>-0.037462</td>\n",
       "      <td>0.039762</td>\n",
       "      <td>0.101931</td>\n",
       "      <td>-0.041349</td>\n",
       "      <td>0.045522</td>\n",
       "      <td>0.146813</td>\n",
       "      <td>-0.011958</td>\n",
       "    </tr>\n",
       "    <tr>\n",
       "      <th>JAN</th>\n",
       "      <td>0.048132</td>\n",
       "      <td>1.000000</td>\n",
       "      <td>-0.062433</td>\n",
       "      <td>-0.019689</td>\n",
       "      <td>-0.065377</td>\n",
       "      <td>-0.025647</td>\n",
       "      <td>-0.148502</td>\n",
       "      <td>0.016738</td>\n",
       "      <td>0.004698</td>\n",
       "      <td>-0.006220</td>\n",
       "      <td>-0.076399</td>\n",
       "      <td>0.124096</td>\n",
       "      <td>0.067973</td>\n",
       "      <td>0.018263</td>\n",
       "      <td>0.457862</td>\n",
       "      <td>-0.046803</td>\n",
       "      <td>-0.053467</td>\n",
       "      <td>0.026776</td>\n",
       "    </tr>\n",
       "    <tr>\n",
       "      <th>FEB</th>\n",
       "      <td>-0.073781</td>\n",
       "      <td>-0.062433</td>\n",
       "      <td>1.000000</td>\n",
       "      <td>0.173153</td>\n",
       "      <td>0.051741</td>\n",
       "      <td>0.252374</td>\n",
       "      <td>-0.002180</td>\n",
       "      <td>-0.123334</td>\n",
       "      <td>0.007815</td>\n",
       "      <td>-0.104363</td>\n",
       "      <td>0.001682</td>\n",
       "      <td>0.094418</td>\n",
       "      <td>-0.083679</td>\n",
       "      <td>0.170047</td>\n",
       "      <td>0.858701</td>\n",
       "      <td>0.282210</td>\n",
       "      <td>-0.102521</td>\n",
       "      <td>0.042688</td>\n",
       "    </tr>\n",
       "    <tr>\n",
       "      <th>MAR</th>\n",
       "      <td>0.031480</td>\n",
       "      <td>-0.019689</td>\n",
       "      <td>0.173153</td>\n",
       "      <td>1.000000</td>\n",
       "      <td>0.061019</td>\n",
       "      <td>0.222856</td>\n",
       "      <td>-0.041628</td>\n",
       "      <td>-0.031694</td>\n",
       "      <td>0.078904</td>\n",
       "      <td>-0.088769</td>\n",
       "      <td>-0.135138</td>\n",
       "      <td>-0.124286</td>\n",
       "      <td>-0.009163</td>\n",
       "      <td>0.054795</td>\n",
       "      <td>0.143932</td>\n",
       "      <td>0.485473</td>\n",
       "      <td>-0.040131</td>\n",
       "      <td>-0.185105</td>\n",
       "    </tr>\n",
       "    <tr>\n",
       "      <th>APR</th>\n",
       "      <td>-0.020721</td>\n",
       "      <td>-0.065377</td>\n",
       "      <td>0.051741</td>\n",
       "      <td>0.061019</td>\n",
       "      <td>1.000000</td>\n",
       "      <td>-0.066308</td>\n",
       "      <td>-0.122411</td>\n",
       "      <td>-0.125468</td>\n",
       "      <td>-0.024127</td>\n",
       "      <td>-0.063572</td>\n",
       "      <td>-0.098969</td>\n",
       "      <td>-0.168154</td>\n",
       "      <td>-0.017865</td>\n",
       "      <td>-0.120227</td>\n",
       "      <td>0.012527</td>\n",
       "      <td>0.250329</td>\n",
       "      <td>-0.145259</td>\n",
       "      <td>-0.184477</td>\n",
       "    </tr>\n",
       "    <tr>\n",
       "      <th>MAY</th>\n",
       "      <td>0.049330</td>\n",
       "      <td>-0.025647</td>\n",
       "      <td>0.252374</td>\n",
       "      <td>0.222856</td>\n",
       "      <td>-0.066308</td>\n",
       "      <td>1.000000</td>\n",
       "      <td>-0.049903</td>\n",
       "      <td>-0.092140</td>\n",
       "      <td>0.106612</td>\n",
       "      <td>-0.127919</td>\n",
       "      <td>0.132451</td>\n",
       "      <td>0.096951</td>\n",
       "      <td>0.028204</td>\n",
       "      <td>0.436974</td>\n",
       "      <td>0.211797</td>\n",
       "      <td>0.912259</td>\n",
       "      <td>-0.076883</td>\n",
       "      <td>0.170036</td>\n",
       "    </tr>\n",
       "    <tr>\n",
       "      <th>JUN</th>\n",
       "      <td>0.009624</td>\n",
       "      <td>-0.148502</td>\n",
       "      <td>-0.002180</td>\n",
       "      <td>-0.041628</td>\n",
       "      <td>-0.122411</td>\n",
       "      <td>-0.049903</td>\n",
       "      <td>1.000000</td>\n",
       "      <td>0.002577</td>\n",
       "      <td>0.164741</td>\n",
       "      <td>0.009614</td>\n",
       "      <td>-0.000123</td>\n",
       "      <td>-0.059916</td>\n",
       "      <td>0.050498</td>\n",
       "      <td>0.255844</td>\n",
       "      <td>-0.078146</td>\n",
       "      <td>-0.090535</td>\n",
       "      <td>0.479713</td>\n",
       "      <td>-0.026857</td>\n",
       "    </tr>\n",
       "    <tr>\n",
       "      <th>JUL</th>\n",
       "      <td>0.139075</td>\n",
       "      <td>0.016738</td>\n",
       "      <td>-0.123334</td>\n",
       "      <td>-0.031694</td>\n",
       "      <td>-0.125468</td>\n",
       "      <td>-0.092140</td>\n",
       "      <td>0.002577</td>\n",
       "      <td>1.000000</td>\n",
       "      <td>0.250009</td>\n",
       "      <td>0.110985</td>\n",
       "      <td>0.077776</td>\n",
       "      <td>0.027248</td>\n",
       "      <td>0.221725</td>\n",
       "      <td>0.412355</td>\n",
       "      <td>-0.101130</td>\n",
       "      <td>-0.125532</td>\n",
       "      <td>0.593414</td>\n",
       "      <td>0.120755</td>\n",
       "    </tr>\n",
       "    <tr>\n",
       "      <th>AUG</th>\n",
       "      <td>0.168372</td>\n",
       "      <td>0.004698</td>\n",
       "      <td>0.007815</td>\n",
       "      <td>0.078904</td>\n",
       "      <td>-0.024127</td>\n",
       "      <td>0.106612</td>\n",
       "      <td>0.164741</td>\n",
       "      <td>0.250009</td>\n",
       "      <td>1.000000</td>\n",
       "      <td>0.016081</td>\n",
       "      <td>-0.105192</td>\n",
       "      <td>-0.044359</td>\n",
       "      <td>0.034882</td>\n",
       "      <td>0.384001</td>\n",
       "      <td>0.009472</td>\n",
       "      <td>0.107457</td>\n",
       "      <td>0.620104</td>\n",
       "      <td>-0.104426</td>\n",
       "    </tr>\n",
       "    <tr>\n",
       "      <th>SEP</th>\n",
       "      <td>0.019305</td>\n",
       "      <td>-0.006220</td>\n",
       "      <td>-0.104363</td>\n",
       "      <td>-0.088769</td>\n",
       "      <td>-0.063572</td>\n",
       "      <td>-0.127919</td>\n",
       "      <td>0.009614</td>\n",
       "      <td>0.110985</td>\n",
       "      <td>0.016081</td>\n",
       "      <td>1.000000</td>\n",
       "      <td>0.006472</td>\n",
       "      <td>-0.006844</td>\n",
       "      <td>-0.034046</td>\n",
       "      <td>0.297125</td>\n",
       "      <td>-0.096122</td>\n",
       "      <td>-0.154180</td>\n",
       "      <td>0.560807</td>\n",
       "      <td>-0.005413</td>\n",
       "    </tr>\n",
       "    <tr>\n",
       "      <th>OCT</th>\n",
       "      <td>0.004070</td>\n",
       "      <td>-0.076399</td>\n",
       "      <td>0.001682</td>\n",
       "      <td>-0.135138</td>\n",
       "      <td>-0.098969</td>\n",
       "      <td>0.132451</td>\n",
       "      <td>-0.000123</td>\n",
       "      <td>0.077776</td>\n",
       "      <td>-0.105192</td>\n",
       "      <td>0.006472</td>\n",
       "      <td>1.000000</td>\n",
       "      <td>-0.005399</td>\n",
       "      <td>-0.092516</td>\n",
       "      <td>0.522710</td>\n",
       "      <td>-0.037517</td>\n",
       "      <td>0.049449</td>\n",
       "      <td>-0.009829</td>\n",
       "      <td>0.779614</td>\n",
       "    </tr>\n",
       "    <tr>\n",
       "      <th>NOV</th>\n",
       "      <td>-0.037462</td>\n",
       "      <td>0.124096</td>\n",
       "      <td>0.094418</td>\n",
       "      <td>-0.124286</td>\n",
       "      <td>-0.168154</td>\n",
       "      <td>0.096951</td>\n",
       "      <td>-0.059916</td>\n",
       "      <td>0.027248</td>\n",
       "      <td>-0.044359</td>\n",
       "      <td>-0.006844</td>\n",
       "      <td>-0.005399</td>\n",
       "      <td>1.000000</td>\n",
       "      <td>-0.042718</td>\n",
       "      <td>0.386156</td>\n",
       "      <td>0.148003</td>\n",
       "      <td>0.001450</td>\n",
       "      <td>-0.035323</td>\n",
       "      <td>0.593041</td>\n",
       "    </tr>\n",
       "    <tr>\n",
       "      <th>DEC</th>\n",
       "      <td>0.039762</td>\n",
       "      <td>0.067973</td>\n",
       "      <td>-0.083679</td>\n",
       "      <td>-0.009163</td>\n",
       "      <td>-0.017865</td>\n",
       "      <td>0.028204</td>\n",
       "      <td>0.050498</td>\n",
       "      <td>0.221725</td>\n",
       "      <td>0.034882</td>\n",
       "      <td>-0.034046</td>\n",
       "      <td>-0.092516</td>\n",
       "      <td>-0.042718</td>\n",
       "      <td>1.000000</td>\n",
       "      <td>0.135721</td>\n",
       "      <td>-0.039347</td>\n",
       "      <td>0.016862</td>\n",
       "      <td>0.113077</td>\n",
       "      <td>0.089445</td>\n",
       "    </tr>\n",
       "    <tr>\n",
       "      <th>ANNUAL</th>\n",
       "      <td>0.101931</td>\n",
       "      <td>0.018263</td>\n",
       "      <td>0.170047</td>\n",
       "      <td>0.054795</td>\n",
       "      <td>-0.120227</td>\n",
       "      <td>0.436974</td>\n",
       "      <td>0.255844</td>\n",
       "      <td>0.412355</td>\n",
       "      <td>0.384001</td>\n",
       "      <td>0.297125</td>\n",
       "      <td>0.522710</td>\n",
       "      <td>0.386156</td>\n",
       "      <td>0.135721</td>\n",
       "      <td>1.000000</td>\n",
       "      <td>0.161195</td>\n",
       "      <td>0.360385</td>\n",
       "      <td>0.596631</td>\n",
       "      <td>0.677864</td>\n",
       "    </tr>\n",
       "    <tr>\n",
       "      <th>Jan-Feb</th>\n",
       "      <td>-0.041349</td>\n",
       "      <td>0.457862</td>\n",
       "      <td>0.858701</td>\n",
       "      <td>0.143932</td>\n",
       "      <td>0.012527</td>\n",
       "      <td>0.211797</td>\n",
       "      <td>-0.078146</td>\n",
       "      <td>-0.101130</td>\n",
       "      <td>0.009472</td>\n",
       "      <td>-0.096122</td>\n",
       "      <td>-0.037517</td>\n",
       "      <td>0.148003</td>\n",
       "      <td>-0.039347</td>\n",
       "      <td>0.161195</td>\n",
       "      <td>1.000000</td>\n",
       "      <td>0.227439</td>\n",
       "      <td>-0.118637</td>\n",
       "      <td>0.052107</td>\n",
       "    </tr>\n",
       "    <tr>\n",
       "      <th>Mar-May</th>\n",
       "      <td>0.045522</td>\n",
       "      <td>-0.046803</td>\n",
       "      <td>0.282210</td>\n",
       "      <td>0.485473</td>\n",
       "      <td>0.250329</td>\n",
       "      <td>0.912259</td>\n",
       "      <td>-0.090535</td>\n",
       "      <td>-0.125532</td>\n",
       "      <td>0.107457</td>\n",
       "      <td>-0.154180</td>\n",
       "      <td>0.049449</td>\n",
       "      <td>0.001450</td>\n",
       "      <td>0.016862</td>\n",
       "      <td>0.360385</td>\n",
       "      <td>0.227439</td>\n",
       "      <td>1.000000</td>\n",
       "      <td>-0.120254</td>\n",
       "      <td>0.043627</td>\n",
       "    </tr>\n",
       "    <tr>\n",
       "      <th>Jun-Sep</th>\n",
       "      <td>0.146813</td>\n",
       "      <td>-0.053467</td>\n",
       "      <td>-0.102521</td>\n",
       "      <td>-0.040131</td>\n",
       "      <td>-0.145259</td>\n",
       "      <td>-0.076883</td>\n",
       "      <td>0.479713</td>\n",
       "      <td>0.593414</td>\n",
       "      <td>0.620104</td>\n",
       "      <td>0.560807</td>\n",
       "      <td>-0.009829</td>\n",
       "      <td>-0.035323</td>\n",
       "      <td>0.113077</td>\n",
       "      <td>0.596631</td>\n",
       "      <td>-0.118637</td>\n",
       "      <td>-0.120254</td>\n",
       "      <td>1.000000</td>\n",
       "      <td>-0.007843</td>\n",
       "    </tr>\n",
       "    <tr>\n",
       "      <th>Oct-Dec</th>\n",
       "      <td>-0.011958</td>\n",
       "      <td>0.026776</td>\n",
       "      <td>0.042688</td>\n",
       "      <td>-0.185105</td>\n",
       "      <td>-0.184477</td>\n",
       "      <td>0.170036</td>\n",
       "      <td>-0.026857</td>\n",
       "      <td>0.120755</td>\n",
       "      <td>-0.104426</td>\n",
       "      <td>-0.005413</td>\n",
       "      <td>0.779614</td>\n",
       "      <td>0.593041</td>\n",
       "      <td>0.089445</td>\n",
       "      <td>0.677864</td>\n",
       "      <td>0.052107</td>\n",
       "      <td>0.043627</td>\n",
       "      <td>-0.007843</td>\n",
       "      <td>1.000000</td>\n",
       "    </tr>\n",
       "  </tbody>\n",
       "</table>\n",
       "</div>"
      ],
      "text/plain": [
       "             YEAR       JAN       FEB       MAR       APR       MAY       JUN  \\\n",
       "YEAR     1.000000  0.048132 -0.073781  0.031480 -0.020721  0.049330  0.009624   \n",
       "JAN      0.048132  1.000000 -0.062433 -0.019689 -0.065377 -0.025647 -0.148502   \n",
       "FEB     -0.073781 -0.062433  1.000000  0.173153  0.051741  0.252374 -0.002180   \n",
       "MAR      0.031480 -0.019689  0.173153  1.000000  0.061019  0.222856 -0.041628   \n",
       "APR     -0.020721 -0.065377  0.051741  0.061019  1.000000 -0.066308 -0.122411   \n",
       "MAY      0.049330 -0.025647  0.252374  0.222856 -0.066308  1.000000 -0.049903   \n",
       "JUN      0.009624 -0.148502 -0.002180 -0.041628 -0.122411 -0.049903  1.000000   \n",
       "JUL      0.139075  0.016738 -0.123334 -0.031694 -0.125468 -0.092140  0.002577   \n",
       "AUG      0.168372  0.004698  0.007815  0.078904 -0.024127  0.106612  0.164741   \n",
       "SEP      0.019305 -0.006220 -0.104363 -0.088769 -0.063572 -0.127919  0.009614   \n",
       "OCT      0.004070 -0.076399  0.001682 -0.135138 -0.098969  0.132451 -0.000123   \n",
       "NOV     -0.037462  0.124096  0.094418 -0.124286 -0.168154  0.096951 -0.059916   \n",
       "DEC      0.039762  0.067973 -0.083679 -0.009163 -0.017865  0.028204  0.050498   \n",
       "ANNUAL   0.101931  0.018263  0.170047  0.054795 -0.120227  0.436974  0.255844   \n",
       "Jan-Feb -0.041349  0.457862  0.858701  0.143932  0.012527  0.211797 -0.078146   \n",
       "Mar-May  0.045522 -0.046803  0.282210  0.485473  0.250329  0.912259 -0.090535   \n",
       "Jun-Sep  0.146813 -0.053467 -0.102521 -0.040131 -0.145259 -0.076883  0.479713   \n",
       "Oct-Dec -0.011958  0.026776  0.042688 -0.185105 -0.184477  0.170036 -0.026857   \n",
       "\n",
       "              JUL       AUG       SEP       OCT       NOV       DEC    ANNUAL  \\\n",
       "YEAR     0.139075  0.168372  0.019305  0.004070 -0.037462  0.039762  0.101931   \n",
       "JAN      0.016738  0.004698 -0.006220 -0.076399  0.124096  0.067973  0.018263   \n",
       "FEB     -0.123334  0.007815 -0.104363  0.001682  0.094418 -0.083679  0.170047   \n",
       "MAR     -0.031694  0.078904 -0.088769 -0.135138 -0.124286 -0.009163  0.054795   \n",
       "APR     -0.125468 -0.024127 -0.063572 -0.098969 -0.168154 -0.017865 -0.120227   \n",
       "MAY     -0.092140  0.106612 -0.127919  0.132451  0.096951  0.028204  0.436974   \n",
       "JUN      0.002577  0.164741  0.009614 -0.000123 -0.059916  0.050498  0.255844   \n",
       "JUL      1.000000  0.250009  0.110985  0.077776  0.027248  0.221725  0.412355   \n",
       "AUG      0.250009  1.000000  0.016081 -0.105192 -0.044359  0.034882  0.384001   \n",
       "SEP      0.110985  0.016081  1.000000  0.006472 -0.006844 -0.034046  0.297125   \n",
       "OCT      0.077776 -0.105192  0.006472  1.000000 -0.005399 -0.092516  0.522710   \n",
       "NOV      0.027248 -0.044359 -0.006844 -0.005399  1.000000 -0.042718  0.386156   \n",
       "DEC      0.221725  0.034882 -0.034046 -0.092516 -0.042718  1.000000  0.135721   \n",
       "ANNUAL   0.412355  0.384001  0.297125  0.522710  0.386156  0.135721  1.000000   \n",
       "Jan-Feb -0.101130  0.009472 -0.096122 -0.037517  0.148003 -0.039347  0.161195   \n",
       "Mar-May -0.125532  0.107457 -0.154180  0.049449  0.001450  0.016862  0.360385   \n",
       "Jun-Sep  0.593414  0.620104  0.560807 -0.009829 -0.035323  0.113077  0.596631   \n",
       "Oct-Dec  0.120755 -0.104426 -0.005413  0.779614  0.593041  0.089445  0.677864   \n",
       "\n",
       "          Jan-Feb   Mar-May   Jun-Sep   Oct-Dec  \n",
       "YEAR    -0.041349  0.045522  0.146813 -0.011958  \n",
       "JAN      0.457862 -0.046803 -0.053467  0.026776  \n",
       "FEB      0.858701  0.282210 -0.102521  0.042688  \n",
       "MAR      0.143932  0.485473 -0.040131 -0.185105  \n",
       "APR      0.012527  0.250329 -0.145259 -0.184477  \n",
       "MAY      0.211797  0.912259 -0.076883  0.170036  \n",
       "JUN     -0.078146 -0.090535  0.479713 -0.026857  \n",
       "JUL     -0.101130 -0.125532  0.593414  0.120755  \n",
       "AUG      0.009472  0.107457  0.620104 -0.104426  \n",
       "SEP     -0.096122 -0.154180  0.560807 -0.005413  \n",
       "OCT     -0.037517  0.049449 -0.009829  0.779614  \n",
       "NOV      0.148003  0.001450 -0.035323  0.593041  \n",
       "DEC     -0.039347  0.016862  0.113077  0.089445  \n",
       "ANNUAL   0.161195  0.360385  0.596631  0.677864  \n",
       "Jan-Feb  1.000000  0.227439 -0.118637  0.052107  \n",
       "Mar-May  0.227439  1.000000 -0.120254  0.043627  \n",
       "Jun-Sep -0.118637 -0.120254  1.000000 -0.007843  \n",
       "Oct-Dec  0.052107  0.043627 -0.007843  1.000000  "
      ]
     },
     "execution_count": 20,
     "metadata": {},
     "output_type": "execute_result"
    }
   ],
   "source": [
    "data.corr()"
   ]
  },
  {
   "cell_type": "code",
   "execution_count": 21,
   "metadata": {},
   "outputs": [
    {
     "data": {
